N_unmapped	1605735	1605735	1605735
N_multimapping	29782	29782	29782
N_noFeature	136892	146569	146547
N_ambiguous	2306	989	1004
ENSG00000231565	0	0	0
ENSG00000215270	0	0	0
ENSG00000198445	0	0	0
ENSG00000279442	16	11	5
ENSG00000253460	0	0	0
ENSG00000189295	1	1	0
ENSG00000220248	0	0	0
ENSG00000233995	0	0	0
ENSG00000240122	56	31	25
ENSG00000235969	0	0	0
ENSG00000226444	0	0	0
ENSG00000236235	0	0	0
ENSG00000230481	0	0	0
ENSG00000283633	0	0	0
ENSG00000225293	0	0	0
ENSG00000283535	0	0	0
ENSG00000249288	1	0	1
ENSG00000229658	0	0	0
ENSG00000272872	0	0	0
ENSG00000237358	0	0	0
ENSG00000235343	0	0	0
ENSG00000288262	0	0	0
ENSG00000226474	0	0	0
ENSG00000236097	0	0	0
ENSG00000259271	0	0	0
ENSG00000184624	24	13	11
ENSG00000234381	0	0	0
ENSG00000229286	0	0	0
ENSG00000223875	10	5	5
ENSG00000237689	0	0	0
ENSG00000283023	41	17	24
ENSG00000254264	0	0	0
ENSG00000273362	0	0	0
ENSG00000267338	0	0	0
ENSG00000280341	10	6	4
ENSG00000253691	0	0	0
ENSG00000249263	0	0	0
ENSG00000234121	0	0	0
ENSG00000227367	0	0	0
ENSG00000271672	0	0	0
ENSG00000230471	0	0	0
ENSG00000225480	0	0	0
ENSG00000226160	0	0	0
ENSG00000228122	0	0	0
ENSG00000224435	0	0	0
ENSG00000237835	0	0	0
ENSG00000273244	0	0	0
ENSG00000270226	0	0	0
ENSG00000279973	0	0	0
ENSG00000233866	0	0	0
ENSG00000285045	0	0	0
ENSG00000287285	0	0	0
ENSG00000253481	0	0	0
ENSG00000275772	0	0	0
ENSG00000099917	6	4	2
ENSG00000283047	56	33	23
ENSG00000241717	0	0	0
ENSG00000211667	0	0	0
ENSG00000229770	0	0	0
ENSG00000211668	0	0	0
ENSG00000288024	0	0	0
ENSG00000280025	0	0	0
ENSG00000184792	1	0	1
ENSG00000279848	0	0	0
ENSG00000287034	0	0	0
ENSG00000240591	1	0	1
ENSG00000231392	0	0	0
ENSG00000276400	1	0	1
ENSG00000233733	0	3	2
ENSG00000236858	0	0	0
ENSG00000232530	1	0	1
ENSG00000280356	3	1	2
ENSG00000185666	6	1	5
ENSG00000227880	0	0	0
ENSG00000226573	2	1	1
ENSG00000231933	0	0	0
ENSG00000227813	0	0	0
ENSG00000214526	46	22	24
ENSG00000223704	2	1	1
ENSG00000099985	0	0	0
ENSG00000235271	0	0	0
ENSG00000185721	147	72	75
ENSG00000235786	0	0	0
ENSG00000238195	0	0	0
ENSG00000231405	0	0	0
ENSG00000234891	0	0	0
ENSG00000176635	0	0	0
ENSG00000100225	95	47	48
ENSG00000100365	0	0	0
ENSG00000235485	0	0	0
ENSG00000244625	2	0	2
ENSG00000230866	11	5	6
ENSG00000198089	14	10	9
ENSG00000229169	0	0	0
ENSG00000224027	0	0	0
ENSG00000100346	0	0	0
ENSG00000225971	43	23	20
ENSG00000279159	11	18	17
ENSG00000100354	117	62	55
ENSG00000214093	336	175	161
ENSG00000224404	2	1	1
ENSG00000232464	0	0	0
ENSG00000279440	0	0	0
ENSG00000227117	0	0	0
ENSG00000279699	1	0	1
ENSG00000175329	0	0	0
ENSG00000100294	0	0	0
ENSG00000234979	0	0	0
ENSG00000234735	60	37	23
ENSG00000100170	0	0	0
ENSG00000206195	3	3	0
ENSG00000236464	0	0	0
ENSG00000268812	0	0	0
ENSG00000287773	0	0	0
ENSG00000176177	0	0	0
ENSG00000236054	0	0	0
ENSG00000128342	0	0	0
ENSG00000215333	67	35	32
ENSG00000232346	171	80	91
ENSG00000285404	0	0	0
ENSG00000235091	0	0	0
ENSG00000100307	8	8	0
ENSG00000100344	0	0	0
ENSG00000286801	0	0	0
ENSG00000232050	0	0	0
ENSG00000186976	2	1	1
ENSG00000287817	0	0	0
ENSG00000236867	2	1	1
ENSG00000054611	41	23	18
ENSG00000183822	0	0	0
ENSG00000232897	0	0	0
ENSG00000280199	0	0	0
ENSG00000281732	0	0	0
ENSG00000235154	0	0	0
ENSG00000100426	0	0	0
ENSG00000056487	0	0	0
ENSG00000227201	0	0	0
ENSG00000231801	2	0	2
ENSG00000233179	0	0	0
ENSG00000224715	0	0	0
ENSG00000100316	1072	528	544
ENSG00000278881	0	0	0
ENSG00000234884	3	1	2
ENSG00000075218	2	0	2
ENSG00000184708	0	0	0
ENSG00000214727	22	13	9
ENSG00000228807	3	1	2
ENSG00000236052	0	0	0
ENSG00000234300	0	0	0
ENSG00000288540	0	0	0
ENSG00000248405	0	0	0
ENSG00000226024	0	0	0
ENSG00000279494	1	1	0
ENSG00000273192	0	0	0
ENSG00000188064	0	0	0
ENSG00000100347	0	0	0
ENSG00000229673	0	0	0
ENSG00000075234	0	0	0
ENSG00000237316	0	0	0
ENSG00000236132	4	2	2
ENSG00000230922	0	0	0
ENSG00000279182	0	0	0
ENSG00000236117	0	0	0
ENSG00000223730	43	19	24
ENSG00000100372	78	36	42
ENSG00000273289	0	0	0
ENSG00000100106	2	0	2
ENSG00000224192	0	0	0
ENSG00000260613	0	0	0
ENSG00000228839	0	0	0
ENSG00000205634	0	0	0
ENSG00000100304	0	0	0
ENSG00000231010	0	0	0
ENSG00000286393	0	0	0
ENSG00000285722	0	0	2
ENSG00000213279	1	0	1
ENSG00000287225	0	0	0
ENSG00000186654	3	1	2
ENSG00000100150	15	5	10
ENSG00000235647	0	0	0
ENSG00000205632	0	0	0
ENSG00000198355	0	0	0
ENSG00000093000	0	0	0
ENSG00000277232	0	0	0
ENSG00000205593	25	14	11
ENSG00000130638	177	76	101
ENSG00000279345	4	4	0
ENSG00000280312	0	0	0
ENSG00000279597	0	0	0
ENSG00000279712	3	1	2
ENSG00000225676	0	0	0
ENSG00000279833	0	0	0
ENSG00000280224	0	0	0
ENSG00000100422	61	32	29
ENSG00000100239	1	1	0
ENSG00000238192	0	0	0
ENSG00000183530	27	10	17
ENSG00000188636	30	16	14
ENSG00000241990	0	0	0
ENSG00000279954	0	0	0
ENSG00000133477	0	1	0
ENSG00000235347	0	0	0
ENSG00000280424	0	0	0
ENSG00000226954	0	0	0
ENSG00000229409	0	0	0
ENSG00000100362	0	0	0
ENSG00000182858	0	0	0
ENSG00000100321	0	0	0
ENSG00000279642	0	0	0
ENSG00000100095	30	13	17
ENSG00000279175	6	3	3
ENSG00000100360	31	34	32
ENSG00000286381	0	0	0
ENSG00000100311	0	0	0
ENSG00000186732	0	0	0
ENSG00000273243	0	0	0
ENSG00000138964	0	0	0
ENSG00000224856	66	38	28
ENSG00000182257	0	0	2
ENSG00000233574	0	0	0
ENSG00000100290	0	0	0
ENSG00000278890	1	0	1
ENSG00000100271	0	0	0
ENSG00000235111	0	0	0
ENSG00000285623	0	0	0
ENSG00000286485	0	20	15
ENSG00000280216	0	0	0
ENSG00000226741	0	0	0
ENSG00000130943	0	0	0
ENSG00000229275	0	0	0
ENSG00000236611	0	0	0
ENSG00000100124	2	3	3
ENSG00000227009	19	9	10
ENSG00000100300	0	0	0
ENSG00000280434	10	8	8
ENSG00000226142	48	15	35
ENSG00000223726	0	0	0
ENSG00000230769	35	14	21
ENSG00000212939	0	0	0
ENSG00000230319	1	1	0
ENSG00000236272	0	0	0
ENSG00000279933	1	1	0
ENSG00000236079	0	0	0
ENSG00000237387	1	0	1
ENSG00000187012	0	0	0
ENSG00000280445	0	0	0
ENSG00000279914	0	0	0
ENSG00000213888	3	2	1
ENSG00000172404	0	0	0
ENSG00000231369	848	412	436
ENSG00000234892	0	0	0
ENSG00000253590	0	0	0
ENSG00000233603	0	0	0
ENSG00000224003	0	0	0
ENSG00000273145	0	0	0
ENSG00000228194	97	45	52
ENSG00000224794	0	0	0
ENSG00000100105	2	2	0
ENSG00000231711	2	1	1
ENSG00000223843	2	1	1
ENSG00000138944	0	0	0
ENSG00000203527	1	1	0
ENSG00000232655	0	0	0
ENSG00000280011	7	9	4
ENSG00000196236	9	4	6
ENSG00000183579	0	0	0
ENSG00000220702	0	0	0
ENSG00000100266	0	0	0
ENSG00000285855	0	0	0
ENSG00000280080	1	1	0
ENSG00000285707	0	0	0
ENSG00000278960	0	0	0
ENSG00000276138	0	0	0
ENSG00000276871	2	2	0
ENSG00000278188	0	0	0
ENSG00000277248	0	0	0
ENSG00000280263	0	0	0
ENSG00000252267	0	0	0
ENSG00000222585	0	0	0
ENSG00000200443	0	0	0
ENSG00000206615	0	0	0
ENSG00000223056	0	0	0
ENSG00000242251	0	0	0
ENSG00000252909	0	0	0
ENSG00000201209	0	0	0
ENSG00000199248	4	2	2
ENSG00000199797	0	0	0
ENSG00000276162	0	0	0
ENSG00000266533	0	0	0
ENSG00000275818	0	0	0
ENSG00000284082	0	0	0
ENSG00000277771	0	0	0
ENSG00000209482	0	0	0
ENSG00000276753	0	0	0
ENSG00000209480	0	0	0
ENSG00000263764	0	0	0
ENSG00000223142	0	0	0
ENSG00000266887	0	0	0
ENSG00000266508	0	0	0
ENSG00000264139	0	0	0
ENSG00000251890	0	0	0
ENSG00000266594	0	0	0
ENSG00000273979	0	0	0
ENSG00000200683	0	0	0
ENSG00000201078	0	0	0
ENSG00000231467	0	0	0
ENSG00000230120	0	0	0
ENSG00000275656	0	0	0
ENSG00000254127	0	0	0
ENSG00000242082	0	0	0
ENSG00000214076	0	0	0
ENSG00000273325	0	0	0
ENSG00000234626	0	0	0
ENSG00000128276	0	0	0
ENSG00000271093	0	0	0
ENSG00000205853	12	7	5
ENSG00000274617	0	0	0
ENSG00000274170	0	0	0
ENSG00000230736	0	0	0
ENSG00000243519	0	0	0
ENSG00000241954	0	0	0
ENSG00000232218	0	0	0
ENSG00000100220	0	0	0
ENSG00000128245	194	108	86
ENSG00000227519	0	0	0
ENSG00000240647	0	0	0
ENSG00000128254	5	3	2
ENSG00000230203	378	209	169
ENSG00000128203	0	0	0
ENSG00000100104	1	0	1
ENSG00000100109	1	0	1
ENSG00000221760	0	0	0
ENSG00000213707	183	89	94
ENSG00000286326	0	0	0
ENSG00000100122	0	0	0
ENSG00000196431	0	0	0
ENSG00000252412	0	0	0
ENSG00000287236	2	2	0
ENSG00000235237	0	0	0
ENSG00000133466	0	0	0
ENSG00000278195	0	0	0
ENSG00000226233	3	0	3
ENSG00000187045	1	1	0
ENSG00000230712	0	0	0
ENSG00000215464	157	79	78
ENSG00000100014	2	0	2
ENSG00000258555	0	0	0
ENSG00000128271	0	0	0
ENSG00000178803	1	1	0
ENSG00000100024	3	2	1
ENSG00000228923	0	0	0
ENSG00000100028	1	1	0
ENSG00000286070	0	0	0
ENSG00000178026	0	0	0
ENSG00000100031	0	0	0
ENSG00000230947	3	0	3
ENSG00000215481	0	0	0
ENSG00000284233	0	0	0
ENSG00000284070	0	0	0
ENSG00000224124	0	0	0
ENSG00000224806	31	13	18
ENSG00000224334	0	0	0
ENSG00000237601	0	0	0
ENSG00000182351	0	0	0
ENSG00000219438	0	0	0
ENSG00000100030	7	2	5
ENSG00000100330	0	14	10
ENSG00000133454	0	0	0
ENSG00000228599	565	292	275
ENSG00000284431	0	0	0
ENSG00000100359	0	0	0
ENSG00000229999	1	0	1
ENSG00000272834	0	0	0
ENSG00000227413	0	0	0
ENSG00000232564	1	1	0
ENSG00000172912	0	0	0
ENSG00000230071	17	12	5
ENSG00000231907	90	55	36
ENSG00000264661	0	0	0
ENSG00000237977	18	7	11
ENSG00000235989	0	15	17
ENSG00000133422	8	20	22
ENSG00000276664	0	0	0
ENSG00000276057	0	0	0
ENSG00000276965	0	0	0
ENSG00000275307	0	0	0
ENSG00000269987	0	4	5
ENSG00000269972	0	0	0
ENSG00000278008	0	0	0
ENSG00000182824	0	0	0
ENSG00000239989	0	0	0
ENSG00000234764	0	0	0
ENSG00000161103	0	0	0
ENSG00000215544	0	0	0
ENSG00000276095	0	0	0
ENSG00000279987	0	0	0
ENSG00000183628	0	0	0
ENSG00000283809	0	0	0
ENSG00000284294	5	1	4
ENSG00000280418	0	0	0
ENSG00000283583	0	0	0
ENSG00000237517	0	0	0
ENSG00000271275	0	0	0
ENSG00000283366	0	0	0
ENSG00000270393	0	0	0
ENSG00000241527	0	0	0
ENSG00000206739	0	0	0
ENSG00000273311	1	0	1
ENSG00000237347	8	5	3
ENSG00000281530	0	0	0
ENSG00000184983	35	14	21
ENSG00000270083	0	0	0
ENSG00000237037	1	1	0
ENSG00000213790	69	34	35
ENSG00000227370	0	0	0
ENSG00000232710	0	0	0
ENSG00000281538	0	0	0
ENSG00000226450	0	0	0
ENSG00000182057	3	2	1
ENSG00000230107	0	0	0
ENSG00000189306	13	12	18
ENSG00000100246	0	0	0
ENSG00000221890	1	1	0
ENSG00000183741	312	154	158
ENSG00000288106	0	0	0
ENSG00000235209	0	0	0
ENSG00000128383	1	1	0
ENSG00000179750	0	0	0
ENSG00000249310	0	0	0
ENSG00000244509	0	0	0
ENSG00000284554	0	0	0
ENSG00000128394	2	2	0
ENSG00000259421	0	0	0
ENSG00000239713	0	0	0
ENSG00000100324	0	0	0
ENSG00000128268	0	0	0
ENSG00000227188	0	0	0
ENSG00000100335	0	0	0
ENSG00000285025	0	0	0
ENSG00000187051	197	100	97
ENSG00000228045	2	0	2
ENSG00000286195	4	4	0
ENSG00000182902	1	0	1
ENSG00000236754	1	0	1
ENSG00000131100	174	98	76
ENSG00000099968	12	6	6
ENSG00000264757	0	0	0
ENSG00000269220	0	0	0
ENSG00000243156	5	4	2
ENSG00000093100	0	0	0
ENSG00000286990	0	0	0
ENSG00000207780	0	0	0
ENSG00000235445	0	0	0
ENSG00000234913	0	0	0
ENSG00000237446	23	13	10
ENSG00000225335	0	0	0
ENSG00000236890	0	0	0
ENSG00000235617	0	0	0
ENSG00000225225	0	0	0
ENSG00000286508	0	0	0
ENSG00000225929	0	0	0
ENSG00000100312	0	0	0
ENSG00000254499	0	0	0
ENSG00000213683	0	0	0
ENSG00000231253	0	0	0
ENSG00000228622	0	0	0
ENSG00000233632	0	0	0
ENSG00000230741	0	0	0
ENSG00000266012	0	0	0
ENSG00000253007	0	0	0
ENSG00000281295	0	0	0
ENSG00000232081	0	0	0
ENSG00000224973	0	0	0
ENSG00000100416	119	57	62
ENSG00000230634	0	0	0
ENSG00000234869	0	0	0
ENSG00000075240	0	0	0
ENSG00000232073	0	0	0
ENSG00000273082	0	0	0
ENSG00000075275	0	0	0
ENSG00000015475	4	2	2
ENSG00000100234	0	0	0
ENSG00000184164	55	31	24
ENSG00000188677	114	56	58
ENSG00000236831	0	0	0
ENSG00000237299	0	0	0
ENSG00000235759	0	0	0
ENSG00000233408	0	0	0
ENSG00000215268	38	23	15
ENSG00000213727	0	0	0
ENSG00000230643	0	0	0
ENSG00000276800	1	0	1
ENSG00000183506	18	8	10
ENSG00000252143	0	0	0
ENSG00000222352	0	0	0
ENSG00000275293	0	0	0
ENSG00000100403	6	1	5
ENSG00000167074	1	1	0
ENSG00000199865	0	0	0
ENSG00000273424	0	0	0
ENSG00000183864	0	0	0
ENSG00000100410	0	0	0
ENSG00000100413	0	0	0
ENSG00000100417	24	21	27
ENSG00000100418	3	2	2
ENSG00000196419	337	160	177
ENSG00000200332	0	0	0
ENSG00000100138	579	295	290
ENSG00000285531	0	0	0
ENSG00000207457	0	0	0
ENSG00000184208	1	4	3
ENSG00000231261	72	29	43
ENSG00000252603	0	0	0
ENSG00000266503	0	0	0
ENSG00000100209	1	1	0
ENSG00000183765	7	5	2
ENSG00000232926	0	0	0
ENSG00000093010	9	6	3
ENSG00000284031	0	0	0
ENSG00000099889	1	0	1
ENSG00000183597	3	1	2
ENSG00000208023	0	0	0
ENSG00000236540	1	0	1
ENSG00000268292	0	0	0
ENSG00000277950	0	0	0
ENSG00000284140	0	0	0
ENSG00000284464	0	0	0
ENSG00000243762	0	0	0
ENSG00000278278	0	0	0
ENSG00000099901	42	21	21
ENSG00000264346	0	0	0
ENSG00000099904	0	0	0
ENSG00000234409	0	0	0
ENSG00000233471	0	2	1
ENSG00000287146	0	0	0
ENSG00000100084	0	0	0
ENSG00000244296	1	1	0
ENSG00000185065	0	0	0
ENSG00000070010	99	87	70
ENSG00000273300	0	0	0
ENSG00000273212	0	24	34
ENSG00000093009	0	0	0
ENSG00000287652	0	0	0
ENSG00000281548	1	0	1
ENSG00000230485	0	0	0
ENSG00000225007	0	0	0
ENSG00000184702	0	0	0
ENSG00000284874	0	0	0
ENSG00000203618	0	0	0
ENSG00000185838	0	0	0
ENSG00000235776	175	83	92
ENSG00000215012	4	2	2
ENSG00000249923	3	0	3
ENSG00000040608	0	0	0
ENSG00000221039	0	0	0
ENSG00000161132	0	0	0
ENSG00000128185	0	0	0
ENSG00000273343	0	0	0
ENSG00000184470	2	2	0
ENSG00000073146	0	0	0
ENSG00000280395	1	0	1
ENSG00000073150	1	0	1
ENSG00000170638	8	4	6
ENSG00000273188	0	0	0
ENSG00000273253	0	1	1
ENSG00000272836	0	0	0
ENSG00000273137	0	0	0
ENSG00000128159	1	1	0
ENSG00000100429	0	0	0
ENSG00000188130	0	0	0
ENSG00000185386	0	0	0
ENSG00000242259	0	0	0
ENSG00000167077	6	3	3
ENSG00000206813	0	0	0
ENSG00000184068	0	0	1
ENSG00000198911	0	0	0
ENSG00000207932	0	0	0
ENSG00000159958	3	2	1
ENSG00000283829	0	0	0
ENSG00000100162	0	0	0
ENSG00000224883	0	0	0
ENSG00000183066	2	4	2
ENSG00000215347	6	5	5
ENSG00000198951	10	6	4
ENSG00000286659	0	0	0
ENSG00000177096	0	0	0
ENSG00000238498	0	0	0
ENSG00000100147	5	4	2
ENSG00000238584	0	0	0
ENSG00000100281	0	0	0
ENSG00000273176	0	0	0
ENSG00000266320	0	0	0
ENSG00000274280	0	0	0
ENSG00000282602	0	0	0
ENSG00000282041	0	0	0
ENSG00000100297	0	0	0
ENSG00000100292	0	0	0
ENSG00000138867	4	0	4
ENSG00000166862	1	1	0
ENSG00000100191	0	0	0
ENSG00000133424	4	2	2
ENSG00000241484	0	0	0
ENSG00000100298	0	0	0
ENSG00000215403	1	1	0
ENSG00000185264	0	0	0
ENSG00000128309	3	0	3
ENSG00000279738	26	16	11
ENSG00000207227	0	0	0
ENSG00000278948	1	1	0
ENSG00000128346	0	1	1
ENSG00000272582	0	0	0
ENSG00000100142	74	43	33
ENSG00000284289	0	0	0
ENSG00000284266	0	0	0
ENSG00000222044	1	0	1
ENSG00000273214	0	0	0
ENSG00000100151	1	1	0
ENSG00000233739	0	0	0
ENSG00000272720	1	0	1
ENSG00000279080	22	10	14
ENSG00000128298	2	2	1
ENSG00000161179	0	0	0
ENSG00000161180	0	0	0
ENSG00000273342	0	0	0
ENSG00000128228	0	0	0
ENSG00000212102	0	0	0
ENSG00000283871	0	0	0
ENSG00000284630	0	0	0
ENSG00000284651	0	0	0
ENSG00000284654	0	0	0
ENSG00000284621	0	0	0
ENSG00000272954	0	0	0
ENSG00000100023	3	1	2
ENSG00000100027	0	0	1
ENSG00000286365	0	0	0
ENSG00000244671	0	0	0
ENSG00000286127	0	0	0
ENSG00000287446	0	0	0
ENSG00000185252	2	1	1
ENSG00000207343	0	0	0
ENSG00000277971	0	0	0
ENSG00000099910	22	9	13
ENSG00000215493	47	22	25
ENSG00000255156	0	0	0
ENSG00000201916	0	0	0
ENSG00000242876	0	0	0
ENSG00000236670	23	6	17
ENSG00000236003	0	0	0
ENSG00000133433	0	0	0
ENSG00000228039	0	0	0
ENSG00000099974	0	13	14
ENSG00000272787	0	0	0
ENSG00000224205	0	0	0
ENSG00000250470	0	0	0
ENSG00000235689	0	0	0
ENSG00000099991	0	0	0
ENSG00000232545	0	0	0
ENSG00000177993	2	1	1
ENSG00000183762	7	6	1
ENSG00000226772	0	0	0
ENSG00000200871	0	0	0
ENSG00000251952	0	0	0
ENSG00000186998	0	0	0
ENSG00000100263	143	66	77
ENSG00000237015	0	0	0
ENSG00000100276	1	1	0
ENSG00000273216	0	0	0
ENSG00000280968	0	0	0
ENSG00000239127	0	0	0
ENSG00000242156	0	0	0
ENSG00000278292	0	0	0
ENSG00000225465	2	2	0
ENSG00000100285	0	0	0
ENSG00000282816	0	0	0
ENSG00000100296	6	5	1
ENSG00000234208	0	0	0
ENSG00000184117	7	3	4
ENSG00000186575	3	2	1
ENSG00000233010	4	3	1
ENSG00000232396	0	0	0
ENSG00000100314	0	0	0
ENSG00000100319	0	0	0
ENSG00000200976	0	0	0
ENSG00000287967	0	23	36
ENSG00000184076	31	46	44
ENSG00000239282	0	0	0
ENSG00000248751	0	0	0
ENSG00000099992	0	0	0
ENSG00000099995	0	0	0
ENSG00000099999	4	2	2
ENSG00000100003	38	16	22
ENSG00000249590	0	0	0
ENSG00000273350	0	0	0
ENSG00000222915	0	0	0
ENSG00000272689	6	2	4
ENSG00000242114	0	0	0
ENSG00000273428	0	0	0
ENSG00000230137	0	0	0
ENSG00000100012	2	2	0
ENSG00000181123	0	0	0
ENSG00000214161	0	0	0
ENSG00000133488	2	0	2
ENSG00000225774	0	0	0
ENSG00000128242	0	0	0
ENSG00000100029	0	0	0
ENSG00000223831	0	0	0
ENSG00000099958	0	0	0
ENSG00000251357	0	0	0
ENSG00000279467	8	1	8
ENSG00000244425	0	0	0
ENSG00000240972	0	12	6
ENSG00000273295	0	0	0
ENSG00000225282	75	37	38
ENSG00000206090	0	0	0
ENSG00000231271	0	0	0
ENSG00000099994	0	0	0
ENSG00000233080	20	10	10
ENSG00000273068	0	0	0
ENSG00000238153	6	4	2
ENSG00000100284	0	0	0
ENSG00000224279	0	0	0
ENSG00000230912	1	1	0
ENSG00000287219	0	0	0
ENSG00000100216	0	0	0
ENSG00000229598	416	232	184
ENSG00000244491	0	0	1
ENSG00000230149	0	1	3
ENSG00000273096	0	0	0
ENSG00000225450	0	1	0
ENSG00000272669	0	0	0
ENSG00000273076	0	0	0
ENSG00000100197	0	0	0
ENSG00000100427	0	0	0
ENSG00000196576	0	0	0
ENSG00000227484	0	0	0
ENSG00000223461	0	0	0
ENSG00000272682	1	0	1
ENSG00000231086	0	0	0
ENSG00000100056	0	0	0
ENSG00000206203	0	0	0
ENSG00000063515	0	0	0
ENSG00000100075	248	117	131
ENSG00000280007	7	2	6
ENSG00000187979	0	0	0
ENSG00000276160	0	0	0
ENSG00000274044	0	0	0
ENSG00000276874	0	0	0
ENSG00000275060	0	0	0
ENSG00000183785	2	1	1
ENSG00000239900	12	7	5
ENSG00000237472	29	15	14
ENSG00000223679	0	0	0
ENSG00000100218	0	0	0
ENSG00000128266	0	0	0
ENSG00000283438	0	0	0
ENSG00000275635	0	0	0
ENSG00000186716	0	0	0
ENSG00000236794	0	0	0
ENSG00000240160	0	0	0
ENSG00000230701	0	0	0
ENSG00000288683	0	0	0
ENSG00000100116	78	40	38
ENSG00000128310	0	0	0
ENSG00000284197	0	0	0
ENSG00000207696	0	0	0
ENSG00000100129	133	71	65
ENSG00000100139	1	1	0
ENSG00000100412	2	3	0
ENSG00000100280	5	4	1
ENSG00000185608	60	24	36
ENSG00000100033	0	0	0
ENSG00000233577	28	22	22
ENSG00000285968	0	0	0
ENSG00000285690	0	0	0
ENSG00000206066	0	0	0
ENSG00000230637	52	23	29
ENSG00000231466	0	0	0
ENSG00000272942	0	0	0
ENSG00000272798	0	0	0
ENSG00000271138	0	0	0
ENSG00000277872	0	0	0
ENSG00000272977	0	0	0
ENSG00000243811	2	1	1
ENSG00000215193	25	9	18
ENSG00000099937	0	0	0
ENSG00000099940	1	1	1
ENSG00000272600	0	1	0
ENSG00000099942	25	16	9
ENSG00000285314	0	0	0
ENSG00000184436	209	116	99
ENSG00000284060	0	0	0
ENSG00000226872	0	8	2
ENSG00000207575	0	0	0
ENSG00000249680	0	0	0
ENSG00000284665	9	5	4
ENSG00000100207	7	4	3
ENSG00000288719	0	0	0
ENSG00000279652	2	1	1
ENSG00000279927	4	5	0
ENSG00000279217	11	10	2
ENSG00000279714	2	0	2
ENSG00000279805	0	0	0
ENSG00000233764	0	0	0
ENSG00000231576	0	0	0
ENSG00000237948	0	0	0
ENSG00000225557	0	0	0
ENSG00000237129	0	0	0
ENSG00000229088	0	0	0
ENSG00000100336	0	0	0
ENSG00000099954	4	1	3
ENSG00000229492	4	1	3
ENSG00000232305	0	0	0
ENSG00000183773	1	0	1
ENSG00000100258	0	0	0
ENSG00000025770	0	0	0
ENSG00000284194	0	0	0
ENSG00000272821	0	0	0
ENSG00000025708	0	0	0
ENSG00000273272	0	0	0
ENSG00000272666	0	0	0
ENSG00000130487	0	0	0
ENSG00000217442	0	0	0
ENSG00000205560	0	0	0
ENSG00000254413	0	0	0
ENSG00000100288	0	0	0
ENSG00000205559	37	15	22
ENSG00000272940	1	0	1
ENSG00000008735	38	13	25
ENSG00000100299	84	44	40
ENSG00000206140	1	1	1
ENSG00000100228	2	0	2
ENSG00000189060	54	24	30
ENSG00000184113	0	0	0
ENSG00000184949	7	6	3
ENSG00000183246	0	0	0
ENSG00000100249	0	0	0
ENSG00000200985	0	0	0
ENSG00000225544	0	0	0
ENSG00000100034	16	4	12
ENSG00000224086	6	0	7
ENSG00000100038	0	0	0
ENSG00000253239	0	0	0
ENSG00000211637	0	0	0
ENSG00000254355	0	0	0
ENSG00000278657	0	0	0
ENSG00000249333	0	0	0
ENSG00000211642	0	0	0
ENSG00000253794	0	0	0
ENSG00000228161	0	0	0
ENSG00000253874	0	0	0
ENSG00000254075	0	0	0
ENSG00000254161	0	0	0
ENSG00000253242	0	0	0
ENSG00000253752	0	0	0
ENSG00000253823	0	0	0
ENSG00000275361	0	0	0
ENSG00000211638	0	0	0
ENSG00000225741	0	0	0
ENSG00000263366	0	0	0
ENSG00000236118	0	0	0
ENSG00000233720	0	0	0
ENSG00000211639	0	0	0
ENSG00000227710	0	0	0
ENSG00000224465	0	0	0
ENSG00000254308	0	0	0
ENSG00000253637	0	0	0
ENSG00000236323	0	0	0
ENSG00000211640	0	0	0
ENSG00000253126	0	0	0
ENSG00000211641	0	0	0
ENSG00000253935	0	0	0
ENSG00000228050	0	0	0
ENSG00000234726	0	0	0
ENSG00000169575	0	0	0
ENSG00000279278	14	12	2
ENSG00000274422	14	7	7
ENSG00000234630	0	0	0
ENSG00000286129	0	0	0
ENSG00000272779	0	0	0
ENSG00000211643	0	0	0
ENSG00000211644	0	0	0
ENSG00000211645	0	0	0
ENSG00000225724	0	0	0
ENSG00000223350	0	0	0
ENSG00000232515	0	0	0
ENSG00000211647	0	0	0
ENSG00000211648	0	0	0
ENSG00000237428	5	5	0
ENSG00000211649	0	0	0
ENSG00000232603	0	0	0
ENSG00000211650	0	0	0
ENSG00000211651	0	0	0
ENSG00000211652	0	0	0
ENSG00000254175	0	0	0
ENSG00000254073	0	0	0
ENSG00000253818	0	0	0
ENSG00000211653	0	0	0
ENSG00000224144	0	0	0
ENSG00000253889	0	0	0
ENSG00000211654	0	0	0
ENSG00000211655	0	0	0
ENSG00000230821	2	0	2
ENSG00000253631	0	0	0
ENSG00000226595	0	0	0
ENSG00000187860	5	1	4
ENSG00000177989	8	7	1
ENSG00000234965	0	0	0
ENSG00000172967	0	0	0
ENSG00000100221	1	0	1
ENSG00000233157	0	0	0
ENSG00000180150	8	3	5
ENSG00000261251	0	0	0
ENSG00000130540	0	0	0
ENSG00000100341	0	0	0
ENSG00000100345	130	61	69
ENSG00000233388	3	2	2
ENSG00000273044	0	0	0
ENSG00000100302	1	0	1
ENSG00000198125	0	0	0
ENSG00000268818	0	0	0
ENSG00000221963	94	41	54
ENSG00000228587	0	0	0
ENSG00000226336	1	1	0
ENSG00000128313	0	0	0
ENSG00000237406	55	30	25
ENSG00000128335	2	2	0
ENSG00000278420	0	0	0
ENSG00000287269	0	0	0
ENSG00000223695	0	0	0
ENSG00000237668	171	80	91
ENSG00000214491	0	0	0
ENSG00000206069	0	0	0
ENSG00000197077	47	25	22
ENSG00000279085	5	2	3
ENSG00000279548	3	1	2
ENSG00000279006	0	0	0
ENSG00000279110	5	3	2
ENSG00000203280	1	0	1
ENSG00000271181	1	1	0
ENSG00000100053	0	0	0
ENSG00000236641	0	0	0
ENSG00000244752	0	0	0
ENSG00000279298	0	0	0
ENSG00000128272	149	71	78
ENSG00000100368	0	0	0
ENSG00000100077	146	84	62
ENSG00000100206	5	3	2
ENSG00000100380	242	118	124
ENSG00000073169	0	0	0
ENSG00000159307	2	0	2
ENSG00000244486	0	0	0
ENSG00000130538	0	0	0
ENSG00000133460	1	1	0
ENSG00000215568	0	0	0
ENSG00000100154	45	23	22
ENSG00000276950	0	0	0
ENSG00000100167	0	0	0
ENSG00000184459	0	0	0
ENSG00000100379	1	1	0
ENSG00000128165	0	0	0
ENSG00000100253	0	0	0
ENSG00000100241	2	1	1
ENSG00000079974	1	0	1
ENSG00000272858	0	0	0
ENSG00000224256	1	1	0
ENSG00000283990	0	0	0
ENSG00000284175	0	0	0
ENSG00000284520	0	0	0
ENSG00000186951	17	8	9
ENSG00000280384	2	0	2
ENSG00000205643	10	8	2
ENSG00000183569	0	0	8
ENSG00000202058	13	3	10
ENSG00000251913	0	0	0
ENSG00000276027	0	0	0
ENSG00000270022	0	7	10
ENSG00000249222	189	79	110
ENSG00000289517	0	0	0
ENSG00000183172	171	83	88
ENSG00000128274	0	0	0
ENSG00000200448	0	0	0
ENSG00000234009	885	421	464
ENSG00000229608	0	0	0
ENSG00000274717	0	0	0
ENSG00000242247	71	37	34
ENSG00000226989	0	0	0
ENSG00000100243	79	38	41
ENSG00000252225	0	0	0
ENSG00000228719	0	0	0
ENSG00000100348	164	81	83
ENSG00000100350	5	4	1
ENSG00000100353	2	2	0
ENSG00000188078	0	0	0
ENSG00000229971	0	0	0
ENSG00000261675	0	0	0
ENSG00000100242	9	13	14
ENSG00000184571	1	0	1
ENSG00000100425	0	0	0
ENSG00000241878	7	2	5
ENSG00000128253	0	0	0
ENSG00000099957	1	1	0
ENSG00000100156	0	0	0
ENSG00000288754	0	0	0
ENSG00000289160	0	0	0
ENSG00000230051	0	0	0
ENSG00000289564	0	0	0
ENSG00000288861	0	0	0
ENSG00000288777	0	0	1
ENSG00000273203	0	1	0
ENSG00000183307	0	0	0
ENSG00000273442	0	0	0
ENSG00000177663	4	1	3
ENSG00000235328	0	0	0
ENSG00000069998	50	23	27
ENSG00000228274	2	22	22
ENSG00000100211	35	43	36
ENSG00000128284	0	0	0
ENSG00000212569	0	0	0
ENSG00000251322	1	0	1
ENSG00000206841	0	0	0
ENSG00000100320	40	26	15
ENSG00000099998	3	1	2
ENSG00000225098	0	0	0
ENSG00000188263	0	0	0
ENSG00000185651	34	25	9
ENSG00000236325	124	60	64
ENSG00000203416	48	27	21
ENSG00000241832	1	1	0
ENSG00000231004	0	0	0
ENSG00000239547	0	0	0
ENSG00000093072	7	5	3
ENSG00000188280	0	0	0
ENSG00000235578	0	0	0
ENSG00000287864	0	0	0
ENSG00000225413	0	0	0
ENSG00000280623	2	0	2
ENSG00000224277	0	0	0
ENSG00000128322	0	0	0
ENSG00000272733	0	0	0
ENSG00000278655	0	0	0
ENSG00000189269	0	0	0
ENSG00000275609	0	0	0
ENSG00000211683	3	1	2
ENSG00000244723	3	3	0
ENSG00000197210	0	0	0
ENSG00000239511	0	0	0
ENSG00000224688	0	0	0
ENSG00000215498	0	0	0
ENSG00000234503	0	0	0
ENSG00000187905	1	0	1
ENSG00000100227	0	0	0
ENSG00000250261	5	0	5
ENSG00000276427	0	0	0
ENSG00000238125	0	0	0
ENSG00000229107	0	0	0
ENSG00000235062	0	0	0
ENSG00000241973	27	13	14
ENSG00000226885	0	0	0
ENSG00000229266	0	0	0
ENSG00000169662	0	0	0
ENSG00000206142	0	0	0
ENSG00000237407	0	0	0
ENSG00000232771	0	0	0
ENSG00000279920	0	0	0
ENSG00000226534	0	0	0
ENSG00000273846	0	0	0
ENSG00000200057	0	0	0
ENSG00000252020	0	0	0
ENSG00000275840	0	0	0
ENSG00000169635	0	0	0
ENSG00000283145	0	0	0
ENSG00000238875	0	0	0
ENSG00000226085	106	49	57
ENSG00000100351	0	0	0
ENSG00000225528	175	98	77
ENSG00000286025	0	0	0
ENSG00000235568	0	0	0
ENSG00000275004	4	0	4
ENSG00000169548	0	0	0
ENSG00000185686	0	0	0
ENSG00000220891	1	1	0
ENSG00000253120	0	0	0
ENSG00000211656	0	0	0
ENSG00000211657	0	0	0
ENSG00000253920	0	0	0
ENSG00000253329	0	0	0
ENSG00000215456	0	0	0
ENSG00000286941	0	0	0
ENSG00000100121	0	0	0
ENSG00000253338	0	0	0
ENSG00000253451	0	0	0
ENSG00000211658	0	0	0
ENSG00000253913	0	0	0
ENSG00000253779	0	0	0
ENSG00000211659	0	0	0
ENSG00000232350	0	0	0
ENSG00000223999	0	0	0
ENSG00000253822	0	0	0
ENSG00000211660	0	0	0
ENSG00000253546	0	0	0
ENSG00000211661	0	0	0
ENSG00000211662	0	0	0
ENSG00000254240	0	0	0
ENSG00000211663	0	0	0
ENSG00000278667	0	0	0
ENSG00000211664	0	0	0
ENSG00000253152	0	0	0
ENSG00000211665	0	0	0
ENSG00000253786	0	0	0
ENSG00000211666	0	0	0
ENSG00000070413	70	39	31
ENSG00000100226	1	7	2
ENSG00000250479	2	2	0
ENSG00000099953	0	0	0
ENSG00000100325	67	32	35
ENSG00000207455	0	0	0
ENSG00000252859	0	0	0
ENSG00000232754	0	0	0
ENSG00000215771	0	0	0
ENSG00000100395	7	5	2
ENSG00000235513	6	2	4
ENSG00000100399	0	0	0
ENSG00000274552	0	0	0
ENSG00000100146	0	0	0
ENSG00000185022	1	0	1
ENSG00000198792	0	0	0
ENSG00000235246	0	0	0
ENSG00000241693	0	0	0
ENSG00000277385	2	1	1
ENSG00000213923	4	1	3
ENSG00000229955	0	0	0
ENSG00000100036	0	1	1
ENSG00000167065	3	2	3
ENSG00000250318	2	2	0
ENSG00000288153	0	0	0
ENSG00000185339	1	0	1
ENSG00000128285	0	0	0
ENSG00000253352	46	26	29
ENSG00000100385	0	0	0
ENSG00000235295	1	1	0
ENSG00000184979	0	0	0
ENSG00000100099	99	56	43
ENSG00000100083	119	52	68
ENSG00000100092	1	0	1
ENSG00000285304	0	0	0
ENSG00000233360	0	0	0
ENSG00000241333	1	1	0
ENSG00000100097	0	0	0
ENSG00000273899	2	0	2
ENSG00000100101	0	0	0
ENSG00000184381	1	0	1
ENSG00000283900	0	0	0
ENSG00000286144	2	1	1
ENSG00000228620	2	2	0
ENSG00000168135	0	0	0
ENSG00000286440	0	0	0
ENSG00000100196	0	0	0
ENSG00000100201	44	26	18
ENSG00000232254	0	0	0
ENSG00000128311	0	0	0
ENSG00000100055	1	0	1
ENSG00000243902	0	0	0
ENSG00000166897	0	0	0
ENSG00000272694	0	0	0
ENSG00000100060	0	0	0
ENSG00000100065	0	0	0
ENSG00000225867	0	0	0
ENSG00000128283	0	0	0
ENSG00000100079	0	0	0
ENSG00000273866	2	1	1
ENSG00000138892	0	0	0
ENSG00000128340	0	0	0
ENSG00000100342	56	28	28
ENSG00000185340	0	0	0
ENSG00000274600	0	0	0
ENSG00000286102	0	0	0
ENSG00000196588	1	0	1
ENSG00000184058	0	0	0
ENSG00000237862	0	0	0
ENSG00000099949	0	0	0
ENSG00000286592	1	0	1
ENSG00000261202	0	0	0
ENSG00000289846	0	0	0
ENSG00000289044	0	0	0
ENSG00000235478	0	0	0
ENSG00000289292	0	0	0
ENSG00000207751	0	0	0
ENSG00000188511	0	0	0
ENSG00000278869	0	0	0
ENSG00000289888	0	0	0
ENSG00000197182	0	0	0
ENSG00000224271	2	1	1
ENSG00000288834	0	0	0
ENSG00000235159	0	0	0
ENSG00000233521	0	0	0
ENSG00000225783	2	1	1
ENSG00000289873	0	0	0
ENSG00000289858	0	0	0
ENSG00000288778	0	0	0
ENSG00000289120	0	0	0
ENSG00000289947	0	0	0
ENSG00000172250	0	7	10
ENSG00000234688	0	0	0
ENSG00000289244	0	0	0
ENSG00000229891	0	0	0
ENSG00000289963	4	2	2
ENSG00000218357	0	0	0
ENSG00000185837	0	0	0
ENSG00000288871	0	0	0
ENSG00000284633	11	6	5
ENSG00000260708	0	0	0
ENSG00000226328	3	2	1
ENSG00000289489	0	0	0
ENSG00000227838	0	0	0
ENSG00000231495	0	0	0
ENSG00000226169	0	0	0
ENSG00000180957	0	0	0
ENSG00000235954	2	0	2
ENSG00000277460	0	0	0
ENSG00000264073	0	0	0
ENSG00000283225	0	0	0
ENSG00000276150	0	0	0
ENSG00000274342	0	0	0
ENSG00000276675	0	0	0
ENSG00000239249	0	0	0
ENSG00000169184	0	0	0
ENSG00000205702	2	1	1
ENSG00000272973	0	0	0
ENSG00000099984	0	0	0
ENSG00000100387	91	38	53
ENSG00000222698	0	0	0
ENSG00000237214	96	51	45
ENSG00000199515	0	0	0
ENSG00000213857	584	300	284
ENSG00000284015	0	0	0
ENSG00000100393	60	33	28
ENSG00000231993	0	0	0
ENSG00000099956	61	36	25
ENSG00000218537	0	44	33
ENSG00000290199	0	0	0
ENSG00000273032	16	10	6
ENSG00000282012	5	2	3
ENSG00000198062	0	0	0
ENSG00000236666	0	0	0
ENSG00000212216	0	0	0
ENSG00000241838	385	199	186
ENSG00000225255	0	0	0
ENSG00000235992	0	0	0
ENSG00000271127	0	0	0
ENSG00000274381	0	0	0
ENSG00000211669	0	0	0
ENSG00000226477	0	0	0
ENSG00000211670	0	0	0
ENSG00000278196	0	0	0
ENSG00000284049	0	0	0
ENSG00000237127	0	0	0
ENSG00000254077	0	0	0
ENSG00000253448	0	0	0
ENSG00000253234	0	0	0
ENSG00000226420	0	0	0
ENSG00000211672	0	0	0
ENSG00000253963	0	0	0
ENSG00000211673	0	0	0
ENSG00000264824	0	0	0
ENSG00000254709	0	0	0
ENSG00000211674	0	0	0
ENSG00000211675	0	0	0
ENSG00000211676	0	0	0
ENSG00000211677	0	0	0
ENSG00000211678	0	0	0
ENSG00000211679	0	0	0
ENSG00000211680	0	0	0
ENSG00000254029	0	0	0
ENSG00000211681	0	0	0
ENSG00000254030	0	0	0
ENSG00000211682	0	0	0
ENSG00000222037	0	0	0
ENSG00000211684	0	0	0
ENSG00000211685	0	0	0
ENSG00000099977	0	1	2
ENSG00000289960	0	0	0
ENSG00000289946	0	0	0
ENSG00000099899	2	2	0
ENSG00000289841	0	0	0
ENSG00000100401	111	59	52
ENSG00000286491	0	0	0
ENSG00000286406	0	0	0
ENSG00000290397	3	1	2
ENSG00000229027	0	0	0
ENSG00000290408	0	0	0
ENSG00000232775	0	0	0
ENSG00000290415	0	0	0
ENSG00000239435	0	0	0
ENSG00000290416	0	0	0
ENSG00000100181	0	0	0
ENSG00000290418	0	0	0
ENSG00000128262	0	0	0
ENSG00000290696	0	0	0
ENSG00000284128	0	0	0
ENSG00000197421	0	0	0
ENSG00000285697	0	0	0
ENSG00000100068	0	0	0
ENSG00000290796	0	0	0
ENSG00000206145	0	0	0
ENSG00000197549	0	0	0
ENSG00000290847	0	0	0
ENSG00000225720	0	0	0
ENSG00000290922	0	0	0
ENSG00000237438	0	0	0
ENSG00000290931	3	2	1
ENSG00000161133	0	0	0
ENSG00000290950	0	0	0
ENSG00000234353	0	0	0
ENSG00000283972	0	0	0
ENSG00000223553	0	0	0
ENSG00000290981	0	0	0
ENSG00000217261	0	0	0
ENSG00000290982	0	0	0
ENSG00000133475	0	0	0
ENSG00000290983	0	0	0
ENSG00000183169	0	0	0
ENSG00000290990	0	0	0
ENSG00000244627	0	0	0
ENSG00000291015	3	4	1
ENSG00000182841	0	0	0
ENSG00000291035	0	0	0
ENSG00000169668	0	0	0
ENSG00000184319	0	0	0
ENSG00000291064	15	2	13
ENSG00000226287	0	0	0
ENSG00000291085	0	0	0
ENSG00000100058	0	0	0
ENSG00000291087	6	3	3
ENSG00000261188	0	0	0
ENSG00000128294	1	1	0
ENSG00000226912	125	59	66
ENSG00000278404	0	0	0
ENSG00000206028	0	0	0
ENSG00000277941	0	0	0
ENSG00000275942	0	0	0
ENSG00000276991	0	0	0
ENSG00000290475	0	0	0
ENSG00000237439	0	0	0
ENSG00000234479	0	0	0
ENSG00000232707	0	0	0
ENSG00000239674	0	0	0
ENSG00000288811	0	0	0
ENSG00000277870	0	0	0
ENSG00000277017	0	0	0
ENSG00000278044	0	0	0
ENSG00000274252	0	0	0
ENSG00000275319	0	0	0
ENSG00000277690	0	0	0
ENSG00000278558	0	0	0
ENSG00000290425	8	5	3
ENSG00000274602	0	0	0
ENSG00000274625	0	0	0
ENSG00000222630	0	0	0
ENSG00000275793	0	0	0
ENSG00000275362	0	0	0
ENSG00000278110	0	0	0
ENSG00000286175	0	0	0
ENSG00000273907	0	0	0
ENSG00000273643	0	0	0
ENSG00000290711	0	0	0
ENSG00000237476	0	0	0
ENSG00000272829	0	0	0
ENSG00000230513	1	20	30
ENSG00000284130	0	0	0
ENSG00000291240	0	0	0
ENSG00000099960	8	5	3
ENSG00000290799	0	0	0
ENSG00000291044	0	0	0
ENSG00000290961	0	0	0
ENSG00000215478	0	0	0
ENSG00000290449	0	0	0
ENSG00000290920	43	23	20
ENSG00000248409	0	0	0
ENSG00000133519	0	0	0
ENSG00000234928	1	1	0
ENSG00000227755	0	0	0
ENSG00000178248	0	0	0
ENSG00000228315	3	15	18
ENSG00000290958	0	0	0
ENSG00000272578	0	0	0
ENSG00000159496	0	16	13
ENSG00000187792	4	4	0
ENSG00000128218	0	0	0
ENSG00000169314	0	0	0
ENSG00000182944	399	204	195
ENSG00000290778	0	0	0
ENSG00000273353	0	0	0
ENSG00000100364	0	0	0
ENSG00000221598	0	0	0
ENSG00000273287	0	0	0
ENSG00000213752	20	10	10
ENSG00000100373	0	0	0
ENSG00000100376	1	1	0
ENSG00000077935	7	4	3
ENSG00000128408	0	0	0
ENSG00000232363	0	0	0
ENSG00000077942	1	1	0
ENSG00000238120	1	1	0
ENSG00000251985	0	0	0
ENSG00000280383	9	2	7
ENSG00000264160	0	0	0
ENSG00000172346	0	11	13
ENSG00000205856	147	75	72
ENSG00000241360	0	0	0
ENSG00000159873	1	0	1
ENSG00000226471	6	3	3
ENSG00000100219	435	203	232
ENSG00000167037	1	0	1
ENSG00000199783	0	0	0
ENSG00000290697	0	0	0
ENSG00000128250	0	0	0
ENSG00000289481	0	0	0
ENSG00000260924	0	0	0
ENSG00000070371	17	11	9
ENSG00000286367	0	0	0
ENSG00000230194	14	8	6
ENSG00000251940	0	0	0
ENSG00000128191	3	2	1
ENSG00000236499	0	0	0
ENSG00000273139	0	0	0
ENSG00000205704	0	0	0
ENSG00000278920	26	10	16
ENSG00000240186	0	0	0
ENSG00000183963	0	0	0
ENSG00000273387	0	0	0
ENSG00000198832	76	31	45
ENSG00000235573	0	0	0
ENSG00000185133	0	0	0
ENSG00000100078	0	0	0
ENSG00000214125	91	55	36
ENSG00000264141	0	0	0
ENSG00000138942	2	0	2
ENSG00000254835	0	0	0
ENSG00000182541	1	0	1
ENSG00000199695	0	0	0
ENSG00000202019	0	0	0
ENSG00000100100	0	0	0
ENSG00000212542	0	0	0
ENSG00000291299	36	16	20
ENSG00000290440	0	0	0
